{"producer":{"name":"Blender","version":"2.78 (sub 0)","exporter_version":"5.0.5","file":"max.babylon"},
"autoClear":true,"clearColor":[0.0509,0.0509,0.0509],"ambientColor":[0,0,0],"gravity":[0,-9.81,0],
"materials":[{"name":"max.Max:Male_elegantsuit01:Male_elegantsuit01","id":"max.Max:Male_elegantsuit01:Male_elegantsuit01","ambient":[1,1,1],"diffuse":[1,1,1],"specular":[0.0353,0.0353,0.0353],"emissive":[0,0,0],"specularPower":51,"alpha":1,"backFaceCulling":true,"checkReadyOnlyOnce":false,"maxSimultaneousLights":4, 
"diffuseTexture":{"name":"male_elegantsuit01_diffuse.png","level":1,"hasAlpha":1,"coordinatesMode":0,"uOffset":0,"vOffset":0,"uScale":1,"vScale":1,"uAng":0,"vAng":0,"wAng":0,"wrapU":1,"wrapV":1,"coordinatesIndex":0}},
{"name":"max.Max:Eyebrow002:Eyebrow002","id":"max.Max:Eyebrow002:Eyebrow002","ambient":[1,1,1],"diffuse":[1,1,1],"specular":[0,0,0],"emissive":[0,0,0],"specularPower":256,"alpha":1,"backFaceCulling":true,"checkReadyOnlyOnce":false,"maxSimultaneousLights":4, 
"diffuseTexture":{"name":"eyebrow002.png","level":1,"hasAlpha":1,"coordinatesMode":0,"uOffset":0,"vOffset":0,"uScale":1,"vScale":1,"uAng":0,"vAng":0,"wAng":0,"wrapU":1,"wrapV":1,"coordinatesIndex":0}},
{"name":"max.Max:Low-poly:Eye_brown","id":"max.Max:Low-poly:Eye_brown","ambient":[0.11,0.11,0.11],"diffuse":[1,1,1],"specular":[1,1,1],"emissive":[0,0,0],"specularPower":511,"alpha":1,"backFaceCulling":true,"checkReadyOnlyOnce":false,"maxSimultaneousLights":4, 
"diffuseTexture":{"name":"brown_eye.png","level":1,"hasAlpha":1,"coordinatesMode":0,"uOffset":0,"vOffset":0,"uScale":1,"vScale":1,"uAng":0,"vAng":0,"wAng":0,"wrapU":1,"wrapV":1,"coordinatesIndex":0}},
{"name":"max.Max:Short04:Short04","id":"max.Max:Short04:Short04","ambient":[0.11,0.11,0.11],"diffuse":[1,1,1],"specular":[0.0471,0.0471,0.0471],"emissive":[0,0,0],"specularPower":491,"alpha":1,"backFaceCulling":true,"checkReadyOnlyOnce":false,"maxSimultaneousLights":4, 
"diffuseTexture":{"name":"short04_diffuse.png","level":1,"hasAlpha":1,"coordinatesMode":0,"uOffset":0,"vOffset":0,"uScale":1,"vScale":1,"uAng":0,"vAng":0,"wAng":0,"wrapU":1,"wrapV":1,"coordinatesIndex":0}},
{"name":"max.Max:Proxy741:Middleage_cauasian_male","id":"max.Max:Proxy741:Middleage_cauasian_male","ambient":[0.302,0.2869,0.2567],"diffuse":[1,0.95,0.85],"specular":[0.0275,0.0275,0.0275],"emissive":[0,0,0],"specularPower":256,"alpha":1,"backFaceCulling":true,"checkReadyOnlyOnce":false,"maxSimultaneousLights":4, 
"diffuseTexture":{"name":"middleage_lightskinned_male_diffuse.png","level":1,"hasAlpha":1,"coordinatesMode":0,"uOffset":0,"vOffset":0,"uScale":1,"vScale":1,"uAng":0,"vAng":0,"wAng":0,"wrapU":1,"wrapV":1,"coordinatesIndex":0}},
{"name":"max.lineMat","id":"max.lineMat","ambient":[0.0421,0.002,0.0193],"diffuse":[0.0337,0.0016,0.0154],"specular":[0.5,0.5,0.5],"emissive":[0,0,0],"specularPower":50,"alpha":1,"backFaceCulling":true,"checkReadyOnlyOnce":false,"maxSimultaneousLights":4},
{"name":"max.Shadesplastic","id":"max.Shadesplastic","ambient":[1,1,1],"diffuse":[1,1,1],"specular":[0.4252,0.1988,0.5],"emissive":[0,0,0],"specularPower":49,"alpha":1,"backFaceCulling":true,"checkReadyOnlyOnce":false,"maxSimultaneousLights":4},
{"name":"max.Glossy","id":"max.Glossy","ambient":[0.64,0.64,0.64],"diffuse":[0.64,0.64,0.64],"specular":[0.5,0.5,0.5],"emissive":[0,0,0],"specularPower":49,"alpha":1,"backFaceCulling":true,"checkReadyOnlyOnce":false,"maxSimultaneousLights":4},
{"name":"max.Lenses","id":"max.Lenses","ambient":[0.0218,0.2589,0.64],"diffuse":[0.0218,0.2589,0.64],"specular":[0.5,0.5,0.5],"emissive":[0,0,0],"specularPower":49,"alpha":0.7905,"backFaceCulling":true,"checkReadyOnlyOnce":false,"maxSimultaneousLights":4}],
"multiMaterials":[],
"skeletons":[{"name":"Max","id":0,"dimensionsAtRest":[11.5102,17.5494,4.215],"bones":[
{"name":"Root","index":0,"matrix":[0,1,0,0,0,0,-1,0,1,0,0,0,-0.02,-7.98,0.3658,1],"rest":[0,1,0,0,0,0,-1,0,1,0,0,0,-0.02,-7.98,0.3658,1],"parentBoneIndex":-1,"length":0.5316},
{"name":"pelvis","index":1,"matrix":[0,0,1,0,0.9367,-0.35,0,0,0.35,0.9367,0,0,9.4632,0.3361,0,1],"rest":[0,0,1,0,0.9367,-0.35,0,0,0.35,0.9367,0,0,9.4632,0.3361,0,1],"parentBoneIndex":0,"length":0.9159},
{"name":"spine_01","index":2,"matrix":[1,0,0,0,0,0.8766,0.4812,0,0,-0.4812,0.8766,0,0,0.9159,0,1],"rest":[1,0,0,0,0,0.8766,0.4812,0,0,-0.4812,0.8766,0,0,0.9159,0,1],"parentBoneIndex":1,"length":0.6521},
{"name":"spine_02","index":3,"matrix":[1,0,0,0,0,0.9602,-0.2793,0,0,0.2793,0.9602,0,0,0.6521,0,1],"rest":[1,0,0,0,0,0.9602,-0.2793,0,0,0.2793,0.9602,0,0,0.6521,0,1],"parentBoneIndex":2,"length":0.6089},
{"name":"spine_03","index":4,"matrix":[1,0,0,0,0,0.9998,-0.019,0,0,0.019,0.9998,0,0,0.6089,0,1],"rest":[1,0,0,0,0,0.9998,-0.019,0,0,0.019,0.9998,0,0,0.6089,0,1],"parentBoneIndex":3,"length":1.3957},
{"name":"clavicle_l","index":5,"matrix":[-0.1576,-0.9869,-0.0342,0,0.9863,-0.1556,-0.0551,0,0.0491,-0.0424,0.9979,0,0.2309,2.6114,0.9296,1],"rest":[-0.1576,-0.9869,-0.0342,0,0.9863,-0.1556,-0.0551,0,0.0491,-0.0424,0.9979,0,0.2309,2.6114,0.9296,1],"parentBoneIndex":4,"length":1.772},
{"name":"upperarm_l","index":6,"matrix":[0.7765,-0.6296,-0.0258,0,0.6273,0.7763,-0.0618,0,0.059,0.0318,0.9978,0,0,1.772,0,1],"rest":[0.7765,-0.6296,-0.0258,0,0.6273,0.7763,-0.0618,0,0.059,0.0318,0.9978,0,0,1.772,0,1],"parentBoneIndex":5,"length":2.5589},
{"name":"lowerarm_l","index":7,"matrix":[1,-0.0066,0.0007,0,0.0041,0.6906,0.7233,0,-0.0053,-0.7232,0.6906,0,0,2.5589,0,1],"rest":[1,-0.0066,0.0007,0,0.0041,0.6906,0.7233,0,-0.0053,-0.7232,0.6906,0,0,2.5589,0,1],"parentBoneIndex":6,"length":2.6242},
{"name":"hand_l","index":8,"matrix":[0.6351,0.0759,-0.7687,0,0.0934,0.9803,0.174,0,0.7667,-0.1824,0.6155,0,0,2.6242,0,1],"rest":[0.6351,0.0759,-0.7687,0,0.0934,0.9803,0.174,0,0.7667,-0.1824,0.6155,0,0,2.6242,0,1],"parentBoneIndex":7,"length":0.3638},
{"name":"index_01_l","index":9,"matrix":[0.5518,0.1042,-0.8274,0,0.1489,0.9639,0.2207,0,0.8206,-0.2451,0.5163,0,-0.1209,1.1644,0.1224,1],"rest":[0.5518,0.1042,-0.8274,0,0.1489,0.9639,0.2207,0,0.8206,-0.2451,0.5163,0,-0.1209,1.1644,0.1224,1],"parentBoneIndex":8,"length":0.2874},
{"name":"index_02_l","index":10,"matrix":[0.9999,0.0152,-0.0036,0,-0.0142,0.9802,0.1977,0,0.0065,-0.1977,0.9802,0,0.0001,0.2874,0.0001,1],"rest":[0.9999,0.0152,-0.0036,0,-0.0142,0.9802,0.1977,0,0.0065,-0.1977,0.9802,0,0.0001,0.2874,0.0001,1],"parentBoneIndex":9,"length":0.2602},
{"name":"index_03_l","index":11,"matrix":[0.9994,0.034,0.002,0,-0.034,0.9921,0.1209,0,0.0022,-0.1209,0.9927,0,-0.0001,0.2602,0,1],"rest":[0.9994,0.034,0.002,0,-0.034,0.9921,0.1209,0,0.0022,-0.1209,0.9927,0,-0.0001,0.2602,0,1],"parentBoneIndex":10,"length":0.2917},
{"name":"middle_01_l","index":12,"matrix":[0.6171,-0.191,-0.7634,0,0.3878,0.9179,0.0839,0,0.6847,-0.3478,0.6405,0,0.0538,1.1271,-0.1093,1],"rest":[0.6171,-0.191,-0.7634,0,0.3878,0.9179,0.0839,0,0.6847,-0.3478,0.6405,0,0.0538,1.1271,-0.1093,1],"parentBoneIndex":8,"length":0.3796},
{"name":"middle_02_l","index":13,"matrix":[0.9972,0.0753,0.0005,0,-0.0751,0.9935,0.0861,0,0.0059,-0.0859,0.9963,0,0,0.3796,0,1],"rest":[0.9972,0.0753,0.0005,0,-0.0751,0.9935,0.0861,0,0.0059,-0.0859,0.9963,0,0,0.3796,0,1],"parentBoneIndex":12,"length":0.3002},
{"name":"middle_03_l","index":14,"matrix":[0.9999,-0.0127,-0.0008,0,0.0127,0.9917,0.1277,0,-0.0008,-0.1277,0.9918,0,0,0.3002,0.0001,1],"rest":[0.9999,-0.0127,-0.0008,0,0.0127,0.9917,0.1277,0,-0.0008,-0.1277,0.9918,0,0,0.3002,0.0001,1],"parentBoneIndex":13,"length":0.2968},
{"name":"pinky_01_l","index":15,"matrix":[0.6418,-0.5229,-0.5609,0,0.5944,0.8014,-0.0669,0,0.4845,-0.2905,0.8252,0,0.3932,0.9154,-0.3313,1],"rest":[0.6418,-0.5229,-0.5609,0,0.5944,0.8014,-0.0669,0,0.4845,-0.2905,0.8252,0,0.3932,0.9154,-0.3313,1],"parentBoneIndex":8,"length":0.2341},
{"name":"pinky_02_l","index":16,"matrix":[0.9988,0.0497,0.0024,0,-0.0495,0.9884,0.1432,0,0.0047,-0.1432,0.9897,0,0,0.2341,0,1],"rest":[0.9988,0.0497,0.0024,0,-0.0495,0.9884,0.1432,0,0.0047,-0.1432,0.9897,0,0,0.2341,0,1],"parentBoneIndex":15,"length":0.1733},
{"name":"pinky_03_l","index":17,"matrix":[0.9995,-0.0302,-0.0004,0,0.0302,0.9991,0.0298,0,-0.0005,-0.0298,0.9996,0,0,0.1733,0.0001,1],"rest":[0.9995,-0.0302,-0.0004,0,0.0302,0.9991,0.0298,0,-0.0005,-0.0298,0.9996,0,0,0.1733,0.0001,1],"parentBoneIndex":16,"length":0.2195},
{"name":"ring_01_l","index":18,"matrix":[0.5919,-0.3711,-0.7155,0,0.4943,0.8683,-0.0414,0,0.6366,-0.3292,0.6974,0,0.2052,1.0381,-0.2496,1],"rest":[0.5919,-0.3711,-0.7155,0,0.4943,0.8683,-0.0414,0,0.6366,-0.3292,0.6974,0,0.2052,1.0381,-0.2496,1],"parentBoneIndex":8,"length":0.3329},
{"name":"ring_02_l","index":19,"matrix":[0.9958,0.0919,0.0021,0,-0.0919,0.9931,0.0731,0,0.0046,-0.073,0.9973,0,0,0.3329,0.0001,1],"rest":[0.9958,0.0919,0.0021,0,-0.0919,0.9931,0.0731,0,0.0046,-0.073,0.9973,0,0,0.3329,0.0001,1],"parentBoneIndex":18,"length":0.2744},
{"name":"ring_03_l","index":20,"matrix":[0.9984,-0.0558,-0.0039,0,0.0558,0.9879,0.1445,0,-0.0042,-0.1445,0.9895,0,0,0.2744,-0.0001,1],"rest":[0.9984,-0.0558,-0.0039,0,0.0558,0.9879,0.1445,0,-0.0042,-0.1445,0.9895,0,0,0.2744,-0.0001,1],"parentBoneIndex":19,"length":0.2937},
{"name":"thumb_01_l","index":21,"matrix":[-0.4268,0.8212,-0.3789,0,0.0263,0.43,0.9024,0,0.904,0.3752,-0.2051,0,-0.1578,0.4442,0.1631,1],"rest":[-0.4268,0.8211,-0.3789,0,0.0263,0.43,0.9024,0,0.904,0.3752,-0.2051,0,-0.1578,0.4442,0.1631,1],"parentBoneIndex":8,"length":0.3442},
{"name":"thumb_02_l","index":22,"matrix":[0.9256,-0.3785,0.0081,0,0.3753,0.9203,0.1106,0,-0.0494,-0.0993,0.9938,0,0,0.3442,0,1],"rest":[0.9256,-0.3785,0.0081,0,0.3753,0.9203,0.1106,0,-0.0494,-0.0993,0.9938,0,0,0.3442,0,1],"parentBoneIndex":21,"length":0.4054},
{"name":"thumb_03_l","index":23,"matrix":[0.9973,-0.0734,0,0,0.0691,0.9382,0.3391,0,-0.0249,-0.3382,0.9408,0,-0.0001,0.4054,0,1],"rest":[0.9973,-0.0734,0,0,0.0691,0.9382,0.3391,0,-0.0249,-0.3382,0.9408,0,-0.0001,0.4054,0,1],"parentBoneIndex":22,"length":0.306},
{"name":"clavicle_r","index":24,"matrix":[-0.1576,0.9869,0.0342,0,-0.9863,-0.1556,-0.0551,0,-0.0491,-0.0424,0.9979,0,-0.2309,2.6114,0.9296,1],"rest":[-0.1576,0.9869,0.0342,0,-0.9863,-0.1556,-0.0551,0,-0.0491,-0.0424,0.9979,0,-0.2309,2.6114,0.9296,1],"parentBoneIndex":4,"length":1.772},
{"name":"upperarm_r","index":25,"matrix":[0.7765,0.6296,0.0258,0,-0.6273,0.7763,-0.0618,0,-0.059,0.0318,0.9978,0,0,1.772,0,1],"rest":[0.7765,0.6296,0.0258,0,-0.6273,0.7763,-0.0618,0,-0.059,0.0318,0.9978,0,0,1.772,0,1],"parentBoneIndex":24,"length":2.5589},
{"name":"lowerarm_r","index":26,"matrix":[1,0.0066,-0.0007,0,-0.0041,0.6906,0.7233,0,0.0053,-0.7232,0.6906,0,0,2.5589,0,1],"rest":[1,0.0066,-0.0007,0,-0.0041,0.6906,0.7233,0,0.0053,-0.7232,0.6906,0,0,2.5589,0,1],"parentBoneIndex":25,"length":2.6242},
{"name":"hand_r","index":27,"matrix":[0.6351,-0.0759,0.7687,0,-0.0934,0.9803,0.174,0,-0.7667,-0.1824,0.6155,0,0,2.6242,0,1],"rest":[0.6351,-0.0759,0.7687,0,-0.0934,0.9803,0.174,0,-0.7667,-0.1824,0.6155,0,0,2.6242,0,1],"parentBoneIndex":26,"length":0.3638},
{"name":"index_01_r","index":28,"matrix":[0.5518,-0.1042,0.8274,0,-0.149,0.9639,0.2207,0,-0.8206,-0.2451,0.5163,0,0.1209,1.1644,0.1224,1],"rest":[0.5518,-0.1042,0.8274,0,-0.149,0.9639,0.2207,0,-0.8206,-0.2451,0.5163,0,0.1209,1.1644,0.1224,1],"parentBoneIndex":27,"length":0.2874},
{"name":"index_02_r","index":29,"matrix":[0.9999,-0.0152,0.0036,0,0.0142,0.9802,0.1977,0,-0.0065,-0.1977,0.9802,0,-0.0001,0.2874,0.0001,1],"rest":[0.9999,-0.0152,0.0036,0,0.0142,0.9802,0.1977,0,-0.0065,-0.1977,0.9802,0,-0.0001,0.2874,0.0001,1],"parentBoneIndex":28,"length":0.2602},
{"name":"index_03_r","index":30,"matrix":[0.9994,-0.034,-0.002,0,0.034,0.9921,0.1209,0,-0.0022,-0.1209,0.9927,0,0.0001,0.2602,0,1],"rest":[0.9994,-0.034,-0.002,0,0.034,0.9921,0.1209,0,-0.0022,-0.1209,0.9927,0,0.0001,0.2602,0,1],"parentBoneIndex":29,"length":0.2917},
{"name":"middle_01_r","index":31,"matrix":[0.6171,0.191,0.7634,0,-0.3878,0.9179,0.0839,0,-0.6847,-0.3478,0.6405,0,-0.0538,1.1271,-0.1093,1],"rest":[0.6171,0.191,0.7634,0,-0.3878,0.9179,0.0839,0,-0.6847,-0.3478,0.6405,0,-0.0538,1.1271,-0.1093,1],"parentBoneIndex":27,"length":0.3796},
{"name":"middle_02_r","index":32,"matrix":[0.9972,-0.0753,-0.0005,0,0.0751,0.9935,0.0861,0,-0.0059,-0.0859,0.9963,0,0,0.3796,0,1],"rest":[0.9972,-0.0753,-0.0005,0,0.0751,0.9935,0.0861,0,-0.0059,-0.0859,0.9963,0,0,0.3796,0,1],"parentBoneIndex":31,"length":0.3002},
{"name":"middle_03_r","index":33,"matrix":[0.9999,0.0127,0.0008,0,-0.0127,0.9917,0.1277,0,0.0008,-0.1277,0.9918,0,0,0.3002,0.0001,1],"rest":[0.9999,0.0127,0.0008,0,-0.0127,0.9917,0.1277,0,0.0008,-0.1277,0.9918,0,0,0.3002,0.0001,1],"parentBoneIndex":32,"length":0.2968},
{"name":"pinky_01_r","index":34,"matrix":[0.6418,0.5229,0.5609,0,-0.5944,0.8014,-0.0669,0,-0.4845,-0.2905,0.8252,0,-0.3932,0.9154,-0.3313,1],"rest":[0.6418,0.5229,0.5609,0,-0.5944,0.8014,-0.0669,0,-0.4845,-0.2905,0.8252,0,-0.3932,0.9154,-0.3313,1],"parentBoneIndex":27,"length":0.2341},
{"name":"pinky_02_r","index":35,"matrix":[0.9988,-0.0497,-0.0024,0,0.0495,0.9884,0.1432,0,-0.0047,-0.1432,0.9897,0,0,0.2341,0,1],"rest":[0.9988,-0.0497,-0.0024,0,0.0495,0.9884,0.1432,0,-0.0047,-0.1432,0.9897,0,0,0.2341,0,1],"parentBoneIndex":34,"length":0.1733},
{"name":"pinky_03_r","index":36,"matrix":[0.9995,0.0302,0.0004,0,-0.0302,0.9991,0.0298,0,0.0005,-0.0298,0.9996,0,0,0.1733,0.0001,1],"rest":[0.9995,0.0302,0.0004,0,-0.0302,0.9991,0.0298,0,0.0005,-0.0298,0.9996,0,0,0.1733,0.0001,1],"parentBoneIndex":35,"length":0.2195},
{"name":"ring_01_r","index":37,"matrix":[0.5919,0.3711,0.7155,0,-0.4943,0.8683,-0.0414,0,-0.6366,-0.3292,0.6974,0,-0.2052,1.0381,-0.2496,1],"rest":[0.5919,0.3711,0.7155,0,-0.4943,0.8683,-0.0414,0,-0.6366,-0.3292,0.6974,0,-0.2052,1.0381,-0.2496,1],"parentBoneIndex":27,"length":0.3329},
{"name":"ring_02_r","index":38,"matrix":[0.9958,-0.0919,-0.0021,0,0.0918,0.9931,0.0731,0,-0.0046,-0.073,0.9973,0,0,0.3329,0.0001,1],"rest":[0.9958,-0.0919,-0.0021,0,0.0918,0.9931,0.0731,0,-0.0046,-0.073,0.9973,0,0,0.3329,0.0001,1],"parentBoneIndex":37,"length":0.2744},
{"name":"ring_03_r","index":39,"matrix":[0.9984,0.0558,0.0039,0,-0.0558,0.9879,0.1445,0,0.0042,-0.1445,0.9895,0,0,0.2744,-0.0001,1],"rest":[0.9984,0.0558,0.0039,0,-0.0558,0.9879,0.1445,0,0.0042,-0.1445,0.9895,0,0,0.2744,-0.0001,1],"parentBoneIndex":38,"length":0.2937},
{"name":"thumb_01_r","index":40,"matrix":[-0.4268,-0.8212,0.3789,0,-0.0263,0.43,0.9024,0,-0.904,0.3752,-0.2051,0,0.1578,0.4442,0.1631,1],"rest":[-0.4268,-0.8211,0.3789,0,-0.0263,0.43,0.9024,0,-0.904,0.3752,-0.2051,0,0.1578,0.4442,0.1631,1],"parentBoneIndex":27,"length":0.3442},
{"name":"thumb_02_r","index":41,"matrix":[0.9256,0.3785,-0.0081,0,-0.3753,0.9203,0.1106,0,0.0494,-0.0993,0.9938,0,0,0.3442,0,1],"rest":[0.9256,0.3785,-0.0081,0,-0.3753,0.9203,0.1106,0,0.0494,-0.0993,0.9938,0,0,0.3442,0,1],"parentBoneIndex":40,"length":0.4054},
{"name":"thumb_03_r","index":42,"matrix":[0.9973,0.0734,0,0,-0.0691,0.9382,0.3391,0,0.0249,-0.3382,0.9408,0,0.0001,0.4054,0,1],"rest":[0.9973,0.0734,0,0,-0.0691,0.9382,0.3391,0,0.0249,-0.3382,0.9408,0,0.0001,0.4054,0,1],"parentBoneIndex":41,"length":0.306},
{"name":"neck_01","index":43,"matrix":[1,0,0,0,0,0.888,0.4598,0,0,-0.4598,0.888,0,0,3.3725,0.9319,1],"rest":[1,0,0,0,0,0.888,0.4598,0,0,-0.4598,0.888,0,0,3.3725,0.9319,1],"parentBoneIndex":4,"length":1.0158},
{"name":"head","index":44,"matrix":[1,0,0,0,0,0.9481,-0.3178,0,0,0.3178,0.9481,0,0,1.0158,0,1],"rest":[1,0,0,0,0,0.9481,-0.3178,0,0,0.3178,0.9481,0,0,1.0158,0,1],"parentBoneIndex":43,"length":1.5386},
{"name":"thigh_l","index":45,"matrix":[0.9084,0.1926,-0.3712,0,0.0915,-0.9577,-0.273,0,-0.408,0.214,-0.8875,0,1.0952,-0.0227,-0.1215,1],"rest":[0.9084,0.1926,-0.3712,0,0.0915,-0.9577,-0.273,0,-0.408,0.214,-0.8875,0,1.0952,-0.0227,-0.1215,1],"parentBoneIndex":1,"length":4.3156},
{"name":"calf_l","index":46,"matrix":[0.895,-0.0121,-0.4458,0,0.0583,0.9942,0.0901,0,0.4421,-0.1066,0.8906,0,-0.0001,4.3156,0,1],"rest":[0.895,-0.0121,-0.4458,0,0.0583,0.9942,0.0901,0,0.4421,-0.1066,0.8906,0,-0.0001,4.3156,0,1],"parentBoneIndex":45,"length":4.4173},
{"name":"foot_l","index":47,"matrix":[1,0,0,0,0,0.4231,-0.9061,0,0,0.9061,0.4231,0,0.0001,4.4172,0,1],"rest":[1,0,0,0,0,0.4231,-0.9061,0,0,0.9061,0.4231,0,0.0001,4.4172,0,1],"parentBoneIndex":46,"length":1.4297},
{"name":"ball_l","index":48,"matrix":[0.9994,-0.0006,-0.0344,0,-0.0176,0.8513,-0.5243,0,0.0296,0.5246,0.8508,0,0,1.4297,0.0001,1],"rest":[0.9994,-0.0005,-0.0344,0,-0.0176,0.8513,-0.5243,0,0.0296,0.5246,0.8508,0,0,1.4297,0.0001,1],"parentBoneIndex":47,"length":0.7251},
{"name":"thigh_r","index":49,"matrix":[0.9084,-0.1926,0.3712,0,-0.0915,-0.9577,-0.273,0,0.408,0.214,-0.8875,0,-1.0952,-0.0227,-0.1215,1],"rest":[0.9084,-0.1926,0.3712,0,-0.0915,-0.9577,-0.273,0,0.408,0.214,-0.8875,0,-1.0952,-0.0227,-0.1215,1],"parentBoneIndex":1,"length":4.3156},
{"name":"calf_r","index":50,"matrix":[0.895,0.0121,0.4458,0,-0.0583,0.9942,0.0901,0,-0.4421,-0.1066,0.8906,0,0.0001,4.3156,0,1],"rest":[0.895,0.0121,0.4458,0,-0.0583,0.9942,0.0901,0,-0.4421,-0.1066,0.8906,0,0.0001,4.3156,0,1],"parentBoneIndex":49,"length":4.4173},
{"name":"foot_r","index":51,"matrix":[1,0,0,0,0,0.4231,-0.9061,0,0,0.9061,0.4231,0,-0.0001,4.4172,0,1],"rest":[1,0,0,0,0,0.4231,-0.9061,0,0,0.9061,0.4231,0,-0.0001,4.4172,0,1],"parentBoneIndex":50,"length":1.4297},
{"name":"ball_r","index":52,"matrix":[0.9994,0.0005,0.0344,0,0.0176,0.8513,-0.5243,0,-0.0296,0.5246,0.8508,0,0,1.4296,0,1],"rest":[0.9994,0.0005,0.0344,0,0.0176,0.8513,-0.5243,0,-0.0296,0.5246,0.8508,0,0,1.4296,0,1],"parentBoneIndex":51,"length":0.7252}]}],
"meshes":[{"name":"Max:Male_elegantsuit01","id":"Max:Male_elegantsuit01","materialId":"max.Max:Male_elegantsuit01:Male_elegantsuit01","billboardMode":0,"position":[0,0,0],"rotation":[0,0,0],"scaling":[1,1,1],"isVisible":true,"freezeWorldMatrix":false,"isEnabled":true,"checkCollisions":false,"receiveShadows":false,"skeletonId":0,"numBoneInfluencers":6
,"positions":[2.1218,4.7223,0.3307,2.3089,4.4338,0.1132,2.1701,4.443,0.3609,2.1948,4.2106,0.3732,1.9818,4.4145,0.5555,1.9308,4.6745,0.5339,1.7959,6.7011,0.205,2.0056,6.429,-0.1764,1.7971,6.398,0.2668,2.0372,6.0532,-0.1427,1.8411,6.0461,0.347,1.5389,6.338,0.4388,1.5316,6.6719,0.4798,1.1429,10.1639,0.6482,1.4064,9.8732,0.4523,1.1677,9.8971,0.6917,0.9703,9.9267,0.7378
,0.9465,10.1824,0.6893,0.9553,10.6053,0.5939,1.1279,10.5865,0.4887,1.2817,10.5648,0.3178,1.4438,10.1366,0.3805,1.8944,6.3701,-0.9705,1.8305,6.621,-1.1636,1.7972,6.3348,-1.159,1.9034,6.0057,-0.9296,2.0131,6.0322,-0.7194,1.96,6.4144,-0.7433,1.9013,6.6646,-0.9818,2.4814,2.4182,-0.103,2.4025,1.9316,0.0906,2.4761,2.4069,0.154,2.4306,2.8372,-0.0636,2.3959,2.7956,-0.2068
,2.3986,2.4019,-0.2482,2.4963,1.9448,-0.1138,1.6841,9.3736,-0.1287,1.6223,9.0555,0.2584,1.6003,9.4669,0.2092,1.4092,9.1101,0.5746,1.3704,9.5534,0.503,1.576,9.7833,0.1701,1.6608,9.7591,-0.1663,2.0833,1.4908,-0.872,2.2399,1.7863,-0.8941,2.0365,1.8338,-0.8574,2.2308,0.8045,-1.0749,2.2577,0.9191,-1.0111,2.1897,0.9493,-1.0537,1.84,7.0759,-1.1999,1.9231,7.0907,-1.0125
,1.9381,6.7215,-0.7718,1.9769,7.1289,-0.7954,1.9112,7.5115,-1.0399,1.6071,1.2447,-0.2097,1.5855,0.9439,0.0898,1.5274,0.9664,-0.2733,1.5496,0.7873,-0.2785,1.5842,1.005,-0.647,1.5444,1.2692,-0.5687,1.1614,9.2099,0.7746,1.1361,9.5776,0.6973,0.9516,9.2945,0.8512,0.9484,9.6288,0.7725,1.4079,10.542,0.0967,1.5513,10.1356,0.1278,1.5087,10.5139,-0.183,1.6202,10.0438,-0.1884
,2.2118,1.1756,-0.9487,2.1067,1.2051,-0.981,1.0838,7.5124,-1.3406,1.3466,7.8939,-1.4186,1.0347,7.9479,-1.3237,1.3092,8.2531,-1.4245,1.0088,8.2985,-1.3433,1.2821,5.4487,-1.1451,1.5854,5.1657,-1.1666,1.5127,5.4969,-1.1927,2.4571,1.4505,-0.6352,2.4188,1.9008,-0.6964,2.398,1.4689,-0.7753,2.3718,1.1491,-0.7749,2.4264,1.1171,-0.6149,2.4856,1.4205,-0.4242,2.4502,1.9406,-0.5289
,0.1485,8.4401,0.0091,0.1354,8.5784,0.2697,0.214,8.4735,0.3109,0.2159,8.6787,0.6044,0.3068,8.5771,0.61,0.3884,8.4616,0.621,0.2825,8.3126,0.3735,0.1921,8.2303,0.0866,2.4507,3.5605,-0.0902,2.4364,3.166,-0.2435,2.4476,3.1901,-0.0644,2.485,2.8407,0.1352,2.4522,3.2195,0.1524,0.1307,9.2234,0.974,0.2617,9.4573,0.9016,0.2422,9.2105,0.9603,0.2228,9.058,0.9176
,0.1125,9.0586,0.9468,-0.002,9.201,1.0466,0.0019,9.481,1.013,0.159,9.4792,0.8846,-0.009,8.5251,-0.2561,-0.0065,8.529,-0.0289,0.0039,8.5238,-0.0234,0.0004,8.5373,-0.2359,0.0118,8.5243,-0.4812,0.013,8.5412,-0.4817,0.0085,8.5455,-0.4819,0.039,8.5282,-0.2623,2.4896,1.4313,-0.2123,2.4437,1.9822,-0.3607,2.5029,1.0774,-0.3022,2.5191,1.0306,0.0211,2.4381,1.4634,0.0759
,1.1596,4.5556,-0.9237,1.2469,4.851,-1.1562,1.0799,4.8371,-1.0778,1.1805,5.094,-1.1153,1.0089,5.0697,-1.0413,0.9245,4.8436,-0.9152,0.2573,7.8726,0.1479,0.2412,7.3299,-0.0521,0.1735,7.8482,-0.18,0.2166,7.3148,-0.3821,0.1377,7.8331,-0.4779,0.0697,8.217,-0.4548,0.1149,8.2197,-0.1686,0.4591,8.6035,0.8079,0.6725,8.7075,0.9036,0.5664,8.527,0.8132,0.8533,8.6244,0.8826
,0.7186,8.4067,0.8126,0.4778,8.3209,0.643,1.7888,8.5443,-0.9863,1.7171,8.2339,-1.1773,1.8326,8.2204,-1.0137,1.89,8.5334,-0.8055,1.8096,8.8597,-0.8122,1.7058,8.849,-0.9799,1.6505,8.5423,-1.1562,0.0918,8.912,0.8079,0.0233,8.7477,0.6076,-0.0037,8.9112,0.8438,0.2223,8.9015,0.8161,0.0712,8.7314,0.623,0.3832,9.1604,0.9739,0.5814,9.3837,0.9529,0.5463,9.0882,0.9754
,0.3537,8.9727,0.9032,0.4045,9.4211,0.9445,0.7594,9.3404,0.9116,0.7227,8.9934,0.9531,0.918,8.9194,0.8861,0.5147,8.8629,0.8968,1.3994,5.5063,0.5905,0.9874,5.7564,0.5574,1.296,5.8587,0.5502,1.6425,5.5891,0.4868,1.5007,5.1965,0.6195,1.2022,5.1548,0.5637,1.0974,5.3831,0.5689,0.2671,9.7397,0.8104,0.1499,9.756,0.8028,-0.0017,9.7589,0.8721,0.156,9.9997,0.7751
,0.195,9.9969,0.7554,0.3862,10.2099,0.7443,0.5071,10.6579,0.626,0.5626,10.1981,0.751,0.4023,9.9736,0.7732,0.2684,9.9932,0.7375,0.2448,10.219,0.7193,0.3402,10.6607,0.6393,0.7452,10.6294,0.6127,0.7545,10.192,0.7301,0.7773,9.9437,0.7674,0.5863,9.9551,0.7888,1.3138,4.8682,0.5498,1.5996,4.9195,0.6275,1.7601,5.2524,0.5295,1.8644,4.9791,0.5093,1.6671,4.6273,0.6613
,1.3634,4.5763,0.5621,1.8336,7.1735,0.1996,1.5119,7.6096,0.5146,1.8624,7.6282,0.2016,2.0154,7.5779,-0.2098,2.0435,7.1506,-0.2081,2.006,6.7184,-0.1845,1.5201,7.1305,0.5088,1.8683,7.8809,-1.0349,1.8028,7.5219,-1.2305,1.9873,7.5263,-0.8233,1.9686,7.8715,-0.8137,1.9385,8.2019,-0.8062,1.7511,7.8922,-1.2136,0.5881,9.0393,-1.2784,0.3901,8.9524,-1.2612,0.5617,8.9178,-1.2584
,0.705,8.878,-1.2748,0.7384,9.0113,-1.2724,0.7257,9.3953,-1.2591,0.54,9.4402,-1.2705,0.3541,9.1047,-1.2945,0.0652,8.7547,-1.1152,0.0009,8.9564,-1.2614,-0.0041,8.7563,-1.1237,0.0054,8.6509,-0.9597,0.0242,8.637,-0.9319,0.0319,8.6413,-0.9429,0.2707,8.795,-1.2452,0.1407,8.9714,-1.2842,2.3188,1.4513,0.3181,2.202,1.0708,0.4739,2.2097,1.4468,0.455,2.1717,1.878,0.4608
,2.2977,1.904,0.3153,2.3722,1.0565,0.2831,1.6489,1.5569,-0.0619,1.6672,1.2097,0.1004,1.5055,1.5766,-0.4266,1.4446,1.8902,-0.2826,1.5255,1.8651,-0.0403,1.6324,1.8287,0.2078,1.6749,1.5217,0.1682,2.0642,1.4325,0.5139,2.0761,1.0363,0.5036,1.8986,1.0282,0.538,1.8599,1.4409,0.514,2.0041,1.8579,0.528,1.6914,1.5818,-0.6113,1.7532,1.8805,-0.6855,1.5974,1.8834,-0.5063
,1.5055,1.5766,-0.4266,1.5444,1.2692,-0.5687,1.7009,1.2742,-0.7229,1.8032,1.568,-0.705,0.7353,6.0588,0.4023,0.5322,6.3097,0.1986,0.7002,6.3675,0.382,0.8981,6.1302,0.5378,0.8685,5.7068,0.3797,0.7628,5.7006,0.1602,0.6234,6.021,0.1646,2.0242,7.166,-0.5177,1.9749,6.7346,-0.491,2.0555,7.5595,-0.5517,0.631,7.93,0.6365,0.4631,7.4254,0.4525,0.3886,7.9728,0.448
,0.5981,8.2227,0.7074,1.2219,5.8224,-1.1846,1.2352,6.2244,-1.2628,1.468,5.877,-1.2577,1.489,6.273,-1.3604,0.5648,6.005,-0.1,0.4708,6.2928,-0.4047,0.4598,6.2798,-0.0804,0.672,5.6983,-0.0854,0.6031,5.679,-0.3649,0.5491,5.9835,-0.3943,2.1468,5.6818,-0.4374,2.1173,5.3215,-0.623,2.211,5.3536,-0.3894,2.1005,5.6888,-0.106,2.0614,6.067,-0.4729,2.0679,5.6593,-0.6989
,0.9261,4.8146,0.1883,1.0328,5.082,0.3695,1.0874,4.8335,0.3738,1.1326,4.5548,0.4094,0.9932,4.5537,0.2212,2.3064,2.3752,0.3642,2.1103,2.7395,0.5344,2.3158,2.8008,0.3866,2.1317,2.3164,0.4842,2.4511,0.8491,-0.4821,2.5043,0.8077,-0.3255,2.4429,0.7132,-0.4778,2.4936,0.7431,-0.3259,2.5278,0.7277,-0.0586,2.535,0.8223,-0.0366,2.232,0.7813,0.4175,2.377,0.7884,0.2504
,2.3609,0.6975,0.2361,1.5924,2.2253,0.3486,1.7376,1.8321,0.4938,1.6671,1.8197,0.3436,1.4672,2.2419,0.2081,1.4312,2.6069,0.3851,1.5662,2.6068,0.5619,1.6966,2.2329,0.5029,2.014,5.3218,0.2563,2.0604,5.0204,0.2871,2.2224,5.0591,-0.0051,2.2656,4.7501,0.0584,1.5665,3.2087,-0.7395,1.5752,3.7224,-0.9176,1.4004,3.7182,-0.7632,1.4676,3.974,-0.8965,1.357,3.9748,-0.7828
,1.2228,3.9678,-0.6498,1.2473,3.6694,-0.5586,1.311,3.2404,-0.5366,2.0838,3.791,-0.6639,1.9433,4.0328,-0.8638,1.9725,3.7638,-0.8752,1.8086,4.004,-0.9655,1.8604,3.7429,-0.9393,1.9482,3.3507,-0.8497,2.0605,3.3799,-0.8144,2.1823,3.445,-0.675,0.4362,6.7873,-0.7524,0.4708,6.2928,-0.4047,0.5592,6.3021,-0.7675,0.7443,6.3707,-1.0348,0.6431,6.8935,-1.0433,0.2483,7.3429,-0.7482
,0.2166,7.3148,-0.3821,0.3587,6.7487,-0.3946,0.7868,4.8285,-0.2557,0.7748,5.0249,-0.0666,0.7965,4.7972,-0.0579,0.8834,5.0358,0.16,0.891,4.5353,0.0163,0.837,4.5822,-0.2157,2.3756,3.9297,0.1388,2.373,3.9105,-0.1507,2.3215,4.1779,-0.1563,2.237,4.1264,-0.3859,2.2649,3.8654,-0.3554,2.3618,3.5403,-0.3552,1.7224,3.8634,0.7216,2.0136,3.5373,0.5861,1.7522,3.4553,0.7219
,1.3893,3.7899,0.5805,1.385,4.085,0.5828,1.708,4.1866,0.6959,2.0109,3.9097,0.5775,0.9693,4.2189,0.0785,1.0589,4.2197,0.2648,1.0896,3.98,0.261,1.0053,3.9598,0.058,0.9295,4.1591,-0.1541,2.2639,4.7231,-0.2246,2.2356,5.0511,-0.2999,2.1917,5.3638,-0.0596,2.1311,5.0135,-0.5589,2.1764,4.6965,-0.4735,1.7063,8.7058,0.2812,1.7836,9.0053,-0.101,1.8731,8.6718,-0.0677
,1.7693,8.3098,0.2501,1.4703,8.3758,0.5613,1.4384,8.7727,0.5771,0.1652,10.2187,0.7216,0.2301,10.6482,0.6495,0.1194,10.2201,0.729,0.1268,10.6546,0.6506,1.488,8.0203,0.5551,1.0756,7.5667,0.6716,1.0367,8.0914,0.7145,1.1345,8.4808,0.7552,1.5625,9.8097,-0.9574,1.4822,9.4197,-1.0529,1.6339,9.4682,-0.9787,1.6889,9.5235,-0.8189,1.6219,9.8539,-0.8046,1.4369,10.3058,-0.9575
,1.3722,9.7725,-1.0973,1.9174,4.2651,-0.885,1.9808,4.6625,-0.7983,1.9155,4.6344,-0.9668,1.7722,4.218,-1.0055,2.006,4.2849,-0.7181,2.225,3.9246,0.3959,2.3358,4.2011,0.1237,2.4316,3.5695,0.1797,2.2491,3.5784,0.4214,2.0055,4.193,0.5621,1.0639,3.6495,0.0884,0.985,3.9245,-0.1411,1.1434,3.68,0.2424,1.1933,3.2663,0.2044,1.1234,3.2333,0.0871,1.0369,3.6344,-0.11
,1.1233,3.6537,-0.3341,0.985,3.9245,-0.1411,1.0369,3.6344,-0.11,1.0369,3.6344,-0.11,1.1509,3.2421,-0.3135,1.0482,3.9447,-0.3974,1.9957,6.4331,-0.4876,1.6994,4.3724,0.6812,1.3984,4.2913,0.5876,1.7626,9.264,-0.5247,1.7152,9.159,-0.8088,1.8769,8.9452,-0.5143,1.7142,9.6508,-0.5134,1.6996,1.4916,0.3552,1.661,1.1516,0.3285,0.9295,4.1591,-0.1541,0.9832,4.1848,-0.4456
,1.1612,4.1963,-0.7222,0.8739,4.5536,-0.4792,0.837,4.5822,-0.2157,0.9295,4.1591,-0.1541,2.3246,0.9116,-0.9057,2.2912,1.1705,-0.8873,2.3009,0.7731,-1.0152,2.3569,0.743,-0.9059,2.3754,0.8813,-0.7727,2.0602,7.8935,-0.53,1.9696,7.9468,-0.1726,2.0424,8.2356,-0.5003,2.3209,3.0735,-0.7012,2.3814,2.7424,-0.4144,2.3927,3.1333,-0.5145,2.2692,3.5034,-0.5204,1.2545,6.5118,-1.3269
,1.0587,8.8382,-1.3348,1.2591,9.0536,-1.2851,1.0733,9.0365,-1.3129,1.6493,9.9398,-0.5269,1.5152,10.3324,-0.8111,1.5395,10.4181,-0.5335,1.8861,0.7334,0.5405,1.6796,0.6979,0.4123,1.6651,0.8392,0.4261,1.5088,0.7499,0.1023,2.0009,5.2853,-0.8082,1.9542,4.9746,-0.8699,2.0297,4.9932,-0.724,2.0732,4.6573,-0.6434,1.9874,5.673,0.2453,1.7958,8.0074,0.2602,1.9469,8.2822,-0.1079
,1.2942,4.219,-0.8529,1.3818,4.5691,-1.0622,1.4333,4.2204,-0.9651,0.8143,4.8394,-0.5485,0.8377,5.0505,-0.8801,0.7622,5.0416,-0.6045,0.7272,5.0272,-0.2882,0.7868,4.8285,-0.2557,0.7868,4.8285,-0.2557,1.0151,4.5477,-0.8277,1.1892,4.0276,0.4308,1.1773,4.2456,0.4447,0.1377,7.8331,-0.4779,0.1682,7.8706,-0.81,0.4971,7.4479,-1.0833,0.4312,7.9142,-1.1945,0.2174,8.3103,-1.1784
,0.0752,8.2292,-0.7926,0.0697,8.217,-0.4548,0.1377,7.8331,-0.4779,1.1659,8.8494,0.7689,2.3466,2.3133,-0.6122,2.3479,2.3673,-0.3928,2.3691,2.6841,-0.6457,0.6602,5.3388,-0.316,0.773,5.3062,-0.089,0.8895,5.3187,0.1546,0.7272,5.0272,-0.2882,2.2227,4.3508,-0.4078,2.2973,4.404,-0.1821,1.4386,8.8352,-1.2405,1.5608,9.0967,-1.1041,1.402,9.0674,-1.2266,1.3434,9.4022,-1.1724
,1.2089,9.3754,-1.2228,0.3996,9.7177,0.8593,0.5802,9.687,0.8737,1.6924,5.5306,-1.1701,1.824,5.9717,-1.1179,1.5919,5.8947,-1.2696,1.7675,5.2056,-1.1025,1.8416,5.5772,-1.0174,0.0733,8.643,0.2636,0.0561,8.5686,-0.0166,-0.0081,8.5132,0.2595,0.9842,5.3512,0.3957,0.6044,6.8503,0.42,0.8763,6.4472,0.5118,0.4517,6.7786,0.2225,0.3341,7.3644,0.2158,0.7653,6.9205,0.5739
,1.188,2.8891,-0.1209,1.2407,2.8772,0.0601,1.3194,2.9042,0.2062,1.371,2.5768,0.1837,1.3335,2.5616,0.0514,1.3053,2.5714,-0.1331,0.0955,8.4681,-0.2296,0.0077,8.4506,-0.4668,1.188,2.8891,-0.1209,1.3198,2.6037,-0.3532,1.1993,2.9209,-0.3253,1.438,2.8983,-0.5412,1.0663,3.2359,-0.119,1.188,2.8891,-0.1209,0.0011,8.5825,-0.7535,0.0153,8.5802,-0.7443,0.0085,8.5455,-0.4819
,0.013,8.5412,-0.4817,0.013,8.5412,-0.4817,0.0157,8.5771,-0.7314,0.7669,9.6598,0.8359,2.2812,3.2132,0.4131,2.0671,3.1576,0.5666,1.0289,9.3667,-1.2487,1.1399,9.7624,-1.2024,0.966,9.7602,-1.2555,0.3548,9.763,-1.3734,0.5553,9.7672,-1.3235,0.7068,9.7723,-1.3032,0.7069,10.3044,-1.3759,0.5436,10.301,-1.4229,0.3698,10.2911,-1.4616,0.1352,9.1357,-1.2972,0.3476,9.4112,-1.306
,0.1407,9.3791,-1.3346,0.0048,9.1464,-1.3033,1.8181,3.0632,0.6908,1.8817,2.6706,0.6341,1.4771,2.9829,0.6007,1.4164,3.3594,0.6061,1.9886,8.5846,-0.5112,0.9875,10.2976,-1.2706,1.1943,6.991,-1.3684,1.5246,6.5639,-1.396,1.4797,7.0266,-1.4175,0.3371,8.7657,0.8063,1.3667,2.9361,0.3986,1.2776,3.3231,0.4086,0.3423,6.7432,-0.0696,0.3587,6.7487,-0.3946,0.6765,5.3414,-0.6761
,0.6031,5.679,-0.3649,0.6602,5.3388,-0.316,0.6602,5.3388,-0.316,0.7837,5.3696,-0.9216,0.5952,5.7023,-0.7696,0.1529,8.4348,-1.0694,0.4613,8.7516,-1.2778,0.6062,8.6983,-1.3052,1.3938,7.4957,-1.4215,1.2945,8.5468,-1.3921,1.0285,8.5716,-1.3737,0.0077,8.4506,-0.4668,0.0292,8.5317,-0.7203,0.0118,8.5243,-0.4812,0.0077,8.4506,-0.4668,1.2869,8.8205,-1.325,2.1492,2.2364,-0.8253
,1.9553,2.2224,-0.8177,1.9334,2.2765,0.5671,2.074,2.5897,-0.7923,1.8749,2.5745,-0.7857,2.0249,2.9661,-0.7868,1.8264,2.9315,-0.7442,1.2032,6.2433,0.5806,1.17,6.5341,0.5413,1.5685,5.9584,0.42,1.1349,7.0101,0.6352,0.678,7.4702,0.6195,2.0533,0.7504,0.5081,2.1993,0.6545,0.389,2.0387,0.6511,0.4933,1.3772,2.2426,0.0436,1.3368,2.2557,-0.2124,1.2324,3.7383,0.4027
,1.4552,2.261,-0.433,1.4446,1.8902,-0.2826,1.6412,2.2482,-0.612,1.5098,2.5842,-0.5785,1.3368,2.2557,-0.2124,1.7835,3.2711,-0.8383,1.371,4.8605,-1.1965,1.6467,4.9022,-1.2006,0.5491,5.9835,-0.3943,0.5675,6.0359,-0.7734,0.7669,5.746,-0.9807,0.7533,6.0926,-1.0269,0.4708,6.2928,-0.4047,0.5491,5.9835,-0.3943,1.7128,1.0075,-0.8288,1.8165,1.2781,-0.8373,1.5842,1.005,-0.647
,1.6647,0.7552,-0.6967,1.7017,0.7444,-0.8351,1.7971,0.8146,-1.029,1.8241,1.0159,-0.9609,-0.0094,9.7669,-1.4338,0.1787,9.7718,-1.4252,0.1668,10.295,-1.4662,0,10.2829,-1.4387,1.6103,6.2925,-1.3759,1.6591,6.5818,-1.388,1.6159,7.0469,-1.4247,1.5382,7.495,-1.4426,2.3035,1.4378,-0.8738,2.2161,1.4581,-0.9043,2.3325,1.825,-0.859,1.5157,8.2598,-1.3656,1.4846,8.5718,-1.295
,1.5918,8.8356,-1.1094,1.5185,7.9048,-1.4088,2.1347,4.0848,-0.5494,2.1752,3.8236,-0.5187,2.0329,4.0554,-0.6724,1.2779,9.7716,-1.1465,1.3279,10.3066,-1.0339,1.2227,10.3056,-1.1169,1.1303,10.3022,-1.1863,2.1142,4.3091,-0.5868,2.4009,0.8729,-0.6242,2.4582,1.0836,-0.4742,2.3783,0.7241,-0.7589,2.404,0.6999,-0.619,2.2049,2.6319,-0.7829,2.1448,3.005,-0.8094,1.8684,4.9335,-1.0931
,1.7607,4.6137,-1.1274,1.8977,5.2441,-0.934,2.2562,2.2546,-0.818,1.6438,9.1239,-0.9763,1.9524,5.621,-0.8724,1.8706,1.868,-0.7771,1.9255,1.556,-0.7802,1.9288,1.2505,-0.9315,2.0166,1.5586,-0.8357,1.9609,1.8558,-0.8234,1.9517,0.9847,-1.0539,1.937,0.8538,-1.0975,2.0979,0.8417,-1.0974,2.0968,0.9963,-1.0703,2.0504,1.2341,-0.9548,0.6766,8.3054,-1.3176,0.6646,7.9717,-1.2245
,0.7009,7.4973,-1.1891,0.8542,7.9668,-1.2698,1.3305,5.1195,-1.1435,1.53,4.5946,-1.111,0.9586,5.3864,-1.0485,1.1307,5.424,-1.1068,0.9272,5.7724,-1.0674,1.6094,3.9695,-0.9786,1.6883,3.6912,-0.9533,1.6907,3.2342,-0.798,0.9221,6.1512,-1.1114,1.0962,5.802,-1.1274,1.092,6.1882,-1.1899,0.9312,6.4424,-1.1683,1.5732,4.2345,-1.0225,0.8337,8.861,-1.2891,0.8671,9.0018,-1.2893
,0.9609,8.8501,-1.3123,0.9711,9.0226,-1.3084,0.8643,9.3716,-1.2539,0.8378,9.7625,-1.2744,0.9298,9.7593,-1.2653,0.9092,10.3016,-1.2967,0.8226,10.3055,-1.3322,0.8287,6.9419,-1.1968,1.113,6.487,-1.2587,1.0264,6.9706,-1.3006,0.9098,7.4973,-1.281,0.7514,8.6616,-1.3315,0.8676,8.3027,-1.3209,0.9117,8.6177,-1.3492,1.7643,2.2381,-0.7207,1.8729,2.2467,-0.7895,1.7876,2.5763,-0.7477
,1.6691,2.5698,-0.6891,1.6342,2.8879,-0.6488,1.7428,2.9101,-0.7042,0.9642,9.3638,-1.2532,-2.2175,4.4219,0.1075,-2.0461,4.7156,0.3227,-2.0924,4.4258,0.3612,-1.8696,4.661,0.5171,-1.9094,4.3948,0.5466,-2.1311,4.1784,0.3706,-1.994,6.4165,-0.1824,-1.7524,6.6983,0.1476,-1.7914,6.3845,0.2036,-1.5237,6.6554,0.4331,-1.526,6.3367,0.4015,-1.8627,6.0452,0.2963,-2.0095,6.0514,-0.1398
,-1.0962,10.131,0.5936,-1.4037,9.8844,0.4242,-1.3931,10.0752,0.3727,-1.2956,10.5684,0.3299,-1.1304,10.5884,0.4911,-0.9156,10.1867,0.6641,-0.9246,9.9206,0.7189,-1.1122,9.8839,0.6555,-1.911,6.3773,-0.9715,-1.8201,6.6232,-1.1535,-1.9077,6.6674,-0.9688,-1.9493,6.4168,-0.7409,-2.0322,6.0464,-0.7219,-1.9272,6.0074,-0.9382,-1.7784,6.3353,-1.1686,-2.4757,2.4567,-0.0659,-2.5282,1.9582,0.1088
,-2.5349,1.9787,-0.1371,-2.3935,2.4298,-0.1955,-2.3462,2.8368,-0.1886,-2.4379,2.8726,-0.0501,-2.5166,2.8711,0.1461,-2.5071,2.4471,0.1534,-1.6333,9.0721,0.2536,-1.7412,9.3648,-0.0667,-1.6098,9.4866,0.218,-1.7102,9.7382,-0.0978,-1.5878,9.8233,0.1723,-1.3687,9.5824,0.4585,-1.4306,9.0824,0.5756,-2.0593,1.1211,-1.0331,-2.1246,1.3621,-0.8565,-2.1669,1.0912,-0.9559,-2.0477,0.9291,-1.1328
,-1.8236,7.0637,-1.166,-1.9176,7.0907,-1.0015,-1.7951,7.5141,-1.1795,-1.9003,7.5122,-0.9968,-1.9363,7.1033,-0.7893,-1.9093,6.7158,-0.7668,-1.5849,0.7795,0.1324,-1.5802,1.0242,-0.111,-1.5546,0.7354,-0.2179,-1.5589,1.0411,-0.401,-1.5711,0.7345,-0.4974,-1.558,0.6504,-0.2266,-1.5509,0.6567,0.0879,-1.1577,9.1602,0.7855,-1.0788,9.5708,0.6942,-0.9237,9.6123,0.7789,-0.9852,9.2478,0.9504
,-1.4271,10.5477,0.1158,-1.5782,10.0516,0.173,-1.7036,10.0101,-0.1253,-1.5225,10.5178,-0.1702,-1.3051,8.259,-1.4749,-1.1634,7.9224,-1.4691,-1.1221,8.2658,-1.4747,-2.2496,0.7738,-1.0603,-2.0156,0.8133,-1.1832,-1.2218,7.5134,-1.4626,-1.3605,7.909,-1.4777,-1.4132,7.5055,-1.4642,-1.2935,5.8348,-1.3386,-1.5471,5.4985,-1.2189,-1.3292,5.457,-1.273,-2.3764,1.4064,-0.5846,-2.2808,1.8983,-0.5741
,-2.3722,1.9363,-0.4421,-2.4493,1.4482,-0.4296,-2.4712,1.0326,-0.4977,-2.4112,1.0651,-0.6411,-2.2845,1.406,-0.682,-0.1338,8.5849,0.2741,-0.1448,8.4518,0.0122,-0.1847,8.471,0.3159,-0.1706,8.2276,0.0808,-0.2372,8.2901,0.3733,-0.2709,8.5485,0.6442,-0.2091,8.6675,0.6296,-2.4085,3.207,-0.0676,-2.334,3.4611,-0.2914,-2.3993,3.4986,-0.0958,-2.4638,3.2098,0.1636,-2.354,3.171,-0.2348
,-0.127,9.2085,1.001,-0.2727,9.4674,0.9386,-0.1646,9.4861,0.9289,0.0019,9.481,1.013,-0.002,9.201,1.0466,-0.002,9.201,1.0466,-0.1157,9.0487,0.9599,-0.2403,9.1765,1.0029,0.039,8.5397,-0.2453,-0.0065,8.529,-0.0289,0.039,8.5282,-0.2623,0.0085,8.5455,-0.4819,-0.0034,8.5396,-0.483,0.0048,8.4624,-0.4823,0.0056,8.5181,-0.2358,-0.0223,8.5886,-0.0325,-2.5329,1.4655,-0.219
,-2.4422,1.9721,-0.305,-2.5115,1.4296,0.0653,-2.5117,0.9929,0.0116,-2.5352,0.9722,-0.2861,-1.0059,4.825,-1.0797,-1.2433,4.5621,-1.1133,-1.0857,4.5409,-1.0209,-0.9135,4.5536,-0.8814,-0.8488,4.8137,-0.8857,-0.9302,5.046,-1.0389,-1.0884,5.061,-1.1352,-1.178,4.839,-1.1946,-0.2239,7.3141,-0.0569,-0.2097,7.8771,0.1534,-0.1569,7.84,-0.1849,-0.1199,8.2234,-0.1793,-0.0893,8.2046,-0.4527
,-0.1398,7.8344,-0.4911,-0.2197,7.3002,-0.3929,-0.6394,8.6857,1.0079,-0.4169,8.5658,0.9051,-0.4994,8.4862,0.945,-0.4038,8.2926,0.7252,-0.5468,8.1531,0.7812,-0.7041,8.3977,0.9331,-1.7192,8.6157,-0.9538,-1.7069,8.2633,-1.1629,-1.6348,8.6001,-1.1327,-1.5796,8.8862,-1.0926,-1.6709,8.9046,-0.9318,-1.7808,8.9135,-0.7459,-1.8528,8.573,-0.7615,-1.8171,8.2343,-0.9951,-0.0037,8.9112,0.8438
,-0.0917,8.7913,0.641,-0.1141,8.935,0.8056,-0.1946,8.908,0.7925,-0.2211,9.0341,0.9152,-0.0037,8.9112,0.8438,-0.383,9.1342,1.0072,-0.5922,9.4035,0.9823,-0.4181,9.4406,0.9629,-0.3661,8.9813,0.9158,-0.5435,9.0527,1.0062,-0.769,9.351,0.9615,-0.7269,8.9986,1.0062,-0.5011,8.8176,0.9426,-0.9635,8.9271,0.9532,-1.4047,5.4943,0.5899,-1.0207,5.7419,0.5132,-1.1187,5.3819,0.5147
,-1.463,5.1657,0.5818,-1.7342,5.2369,0.502,-1.6453,5.5803,0.4926,-1.3251,5.8781,0.5715,-0.2965,9.7455,0.8515,-0.1834,9.7548,0.8263,-0.3036,9.9948,0.7719,-0.1924,9.997,0.7702,-0.0017,9.7589,0.8721,-0.0017,9.7589,0.8721,-0.4021,10.2093,0.7469,-0.5071,10.6579,0.626,-0.3402,10.6607,0.6393,-0.2707,10.2263,0.7307,-0.4232,9.9714,0.7998,-0.5451,10.2001,0.7446,-0.7444,10.6295,0.6118
,-0.7187,10.193,0.7209,-0.569,9.9531,0.8055,-0.7327,9.9434,0.7858,-1.2502,4.8455,0.5439,-1.5664,4.9007,0.5977,-1.3009,4.5505,0.5813,-1.6353,4.5995,0.6404,-1.8055,4.9709,0.4971,-1.7751,7.1811,0.1652,-1.5387,7.6211,0.5042,-1.5288,7.1241,0.4669,-2.005,6.7345,-0.1811,-1.9958,7.2013,-0.1127,-1.9851,7.6406,-0.1103,-1.7925,7.6446,0.2031,-1.844,7.8847,-1.0091,-1.7304,7.9,-1.1589
,-1.9139,8.2141,-0.7882,-1.9434,7.8709,-0.8076,-0.5134,9.1288,-1.3157,-0.3175,8.9663,-1.2846,-0.3154,9.1423,-1.3128,-0.318,9.3929,-1.341,-0.544,9.4262,-1.3346,-0.7153,9.4025,-1.3212,-0.7025,9.0635,-1.328,-0.5169,8.8929,-1.3152,-0.0666,8.7523,-1.143,0.0009,8.9564,-1.2614,-0.1015,8.9425,-1.2409,-0.1772,8.7256,-1.1866,-0.0673,8.6097,-0.9856,-0.0387,8.6416,-0.9726,-0.0041,8.7563,-1.1237
,-2.37,1.4453,0.3249,-2.1993,1.0979,0.4585,-2.4178,1.0428,0.2732,-2.3443,1.929,0.3652,-2.2045,1.4606,0.5054,-1.6048,1.512,-0.0093,-1.6683,1.0857,0.1843,-1.6259,1.4716,0.2121,-1.6142,1.8107,0.1814,-1.5696,1.8459,-0.0089,-1.523,1.8651,-0.2315,-1.5886,1.5097,-0.2941,-2.0007,1.8839,0.6369,-2.0548,1.395,0.578,-1.8172,1.3914,0.5491,-1.8277,1.0774,0.5602,-2.0494,1.0421,0.4878
,-1.5747,1.5228,-0.6105,-1.5827,1.8817,-0.6508,-1.6488,1.5167,-0.7752,-1.5398,1.1313,-0.7424,-1.5589,1.0411,-0.401,-1.5886,1.5097,-0.2941,-1.5886,1.5097,-0.2941,-1.5723,1.8835,-0.4729,-0.7368,6.0423,0.4267,-0.4985,6.2992,0.2026,-0.6014,6.0034,0.1557,-0.8818,5.6922,0.3535,-0.896,6.1121,0.6135,-0.6031,6.3221,0.4724,-1.9871,7.1685,-0.5006,-1.9516,7.5208,-0.7992,-2.0242,7.5748,-0.5058
,-1.9439,6.736,-0.4849,-0.3786,7.4311,0.5344,-0.5908,7.911,0.7106,-0.3318,7.9589,0.4844,-1.4159,5.1102,-1.225,-1.6418,5.1691,-1.1643,-1.3651,6.5256,-1.4699,-1.4898,6.2638,-1.4049,-1.319,6.2245,-1.4255,-0.5358,5.9812,-0.1236,-0.4893,6.287,-0.4296,-0.5338,5.9731,-0.4412,-0.5999,5.6545,-0.4131,-0.6368,5.6494,-0.118,-0.4542,6.2708,-0.1146,-2.151,5.6853,-0.4299,-2.1238,5.3346,-0.636
,-2.0937,5.6579,-0.6961,-2.0529,6.065,-0.4624,-2.0741,5.703,-0.0941,-2.2106,5.3548,-0.3797,-0.9409,5.0566,0.3699,-0.8734,4.7873,0.1596,-0.9941,4.8045,0.4028,-0.9512,4.5223,0.2105,-1.0575,4.5331,0.4262,-1.1896,5.1247,0.5054,-2.2698,2.8165,0.4154,-2.1111,2.3457,0.5273,-2.3153,2.3478,0.3846,-2.1786,1.9021,0.5214,-2.4935,0.7668,-0.4794,-2.5564,0.7644,-0.2758,-2.5402,0.7975,-0.0398
,-2.5038,0.7175,-0.0485,-2.5219,0.6913,-0.2698,-2.252,0.7938,0.4133,-2.4423,0.8025,0.2465,-2.3774,0.6909,0.2383,-1.5388,2.2569,0.3608,-1.6987,1.8116,0.5606,-1.6167,2.2644,0.5612,-1.5871,2.6376,0.5437,-1.479,2.6292,0.3614,-1.4325,2.5985,0.224,-1.4732,2.2599,0.2174,-1.6367,1.7872,0.361,-2.0085,5.0195,0.2738,-2.1864,4.7461,0.0607,-2.1722,5.0747,-0.0062,-1.9744,5.3221,0.2534
,-1.2819,3.6859,-0.8768,-1.4493,3.2473,-0.9564,-1.2621,3.2499,-0.8114,-1.1193,3.6335,-0.6048,-1.0839,3.9198,-0.6837,-1.2688,3.8684,-0.95,-1.4422,3.6237,-1.0555,-2.0168,3.7005,-0.8298,-2.0883,4.0306,-0.724,-2.129,3.7268,-0.6831,-2.0537,3.3515,-0.7439,-1.9238,3.3234,-0.8434,-1.9115,3.6802,-0.9385,-2.0005,3.9893,-0.8975,-0.5882,6.3109,-0.7823,-0.3746,6.7232,-0.4199,-0.4939,6.7845,-0.7717
